%YAML:1.0
---
img: !!opencv-matrix
   rows: 1
   cols: 250
   dt: f
   data: [ 0., 0., 3.89105058e-03, 3.89105058e-03, 3.89105058e-03, 0.,
       0., 3.89105058e-03, 0., 3.89105058e-03, 0., 1.16731515e-02,
       1.16731515e-02, 1.16731515e-02, 0., 7.78210117e-03, 0.,
       3.89105058e-03, 3.89105058e-03, 0., 0., 3.89105058e-03, 0., 0.,
       3.50194536e-02, 0., 0., 0., 0., 3.89105058e-03, 3.89105058e-03,
       0., 7.78210117e-03, 7.78210117e-03, 1.16731515e-02,
       3.89105058e-03, 0., 0., 0., 1.94552522e-02, 3.89105058e-03, 0.,
       3.89105058e-03, 0., 0., 3.89105058e-03, 7.78210117e-03,
       3.89105058e-03, 0., 3.89105058e-03, 1.16731515e-02, 0., 0., 0.,
       3.89105058e-03, 0., 0., 3.89105058e-03, 0., 3.89105058e-03,
       3.89105058e-03, 7.78210117e-03, 0., 3.89105058e-03,
       1.55642023e-02, 3.89105058e-03, 0., 0., 3.89105058e-03, 0., 0.,
       3.89105058e-03, 3.89105058e-03, 0., 1.94552522e-02,
       3.89105058e-03, 7.78210117e-03, 1.55642023e-02, 7.78210117e-03,
       7.78210117e-03, 0., 0., 3.89105058e-03, 0., 0., 1.16731515e-02,
       0., 1.16731515e-02, 0., 0., 7.78210117e-03, 4.28015552e-02, 0.,
       1.16731515e-02, 0., 0., 0., 3.89105058e-03, 1.55642023e-02, 0.,
       0., 0., 0., 7.78210117e-03, 7.78210117e-03, 3.89105058e-03, 0.,
       7.78210117e-03, 0., 7.78210117e-03, 1.55642023e-02, 0.,
       1.16731515e-02, 3.89105058e-03, 3.89105058e-03, 0.,
       7.78210117e-03, 0., 7.78210117e-03, 0., 7.78210117e-03,
       3.89105058e-03, 7.78210117e-03, 0., 0., 7.78210117e-03, 0., 0.,
       0., 1.16731515e-02, 7.78210117e-03, 1.16731515e-02,
       3.89105058e-03, 3.89105058e-03, 3.89105058e-03, 1.55642023e-02,
       7.78210117e-03, 0., 3.89105058e-03, 3.89105058e-03, 0., 0., 0.,
       7.78210117e-03, 3.89105058e-03, 1.55642023e-02, 0.,
       3.89105058e-03, 7.78210117e-03, 0., 7.78210117e-03, 0.,
       3.89105058e-03, 0., 1.16731515e-02, 0., 0., 0., 0.,
       3.89105058e-03, 0., 0., 7.78210117e-03, 3.89105058e-03,
       3.89105058e-03, 3.89105058e-03, 0., 0., 0., 3.89105058e-03, 0.,
       0., 3.89105058e-03, 7.78210117e-03, 3.89105058e-03,
       3.89105058e-03, 0., 0., 0., 3.89105058e-03, 0., 3.89105058e-03,
       0., 0., 3.89105058e-03, 0., 3.89105058e-03, 3.89105058e-03, 0.,
       7.78210117e-03, 0., 0., 0., 3.89105058e-03, 3.89105058e-03, 0.,
       3.89105058e-03, 1.16731515e-02, 0., 0., 3.89105058e-03,
       3.89105058e-03, 0., 3.89105058e-03, 7.78210117e-03, 0., 0.,
       3.89105058e-03, 7.78210117e-03, 0., 3.89105058e-03,
       1.94552522e-02, 0., 3.89105058e-03, 7.78210117e-03,
       1.16731515e-02, 3.89105058e-03, 3.89105058e-03, 3.89105058e-03,
       3.89105058e-03, 3.89105058e-03, 0., 7.78210117e-03,
       1.55642023e-02, 0., 0., 7.78210117e-03, 3.89105058e-03, 0., 0.,
       0., 3.89105058e-03, 3.89105058e-03, 3.89105058e-03, 0.,
       1.16731515e-02, 0., 3.89105058e-03, 0., 7.78210117e-03, 0.,
       1.16731515e-02, 7.78210117e-03, 3.89105058e-03, 3.89105058e-03,
       1.94552522e-02, 3.89105058e-03, 0., 0., 0. ]
img: !!opencv-matrix
   rows: 1
   cols: 250
   dt: f
   data: [ 2.88461559e-02, 0., 0., 0., 0., 0., 0., 0., 0.,
       9.61538497e-03, 0., 0., 0., 0., 0., 0., 9.61538497e-03,
       9.61538497e-03, 0., 0., 0., 0., 0., 0., 3.84615399e-02, 0., 0.,
       0., 0., 2.88461559e-02, 9.61538497e-03, 3.84615399e-02, 0., 0.,
       0., 0., 0., 0., 0., 4.80769239e-02, 0., 0., 0., 0., 0., 0., 0.,
       0., 0., 9.61538497e-03, 0., 9.61538497e-03, 0., 0., 0.,
       9.61538497e-03, 0., 9.61538497e-03, 0., 0., 0., 9.61538497e-03,
       4.80769239e-02, 9.61538497e-03, 9.61538497e-03, 0., 0., 0., 0.,
       0., 0., 0., 1.05769232e-01, 9.61538497e-03, 0., 0., 0.,
       1.92307699e-02, 9.61538497e-03, 0., 9.61538497e-03,
       9.61538497e-03, 0., 0., 0., 0., 0., 0., 0., 0., 0., 0., 0.,
       9.61538497e-03, 0., 0., 0., 0., 9.61538497e-03, 0., 0., 0., 0.,
       0., 9.61538497e-03, 1.92307699e-02, 0., 0., 0., 0., 0., 0.,
       1.92307699e-02, 0., 9.61538497e-03, 9.61538497e-03,
       1.92307699e-02, 0., 0., 0., 0., 0., 0., 0., 0., 0., 0., 0.,
       1.92307699e-02, 0., 0., 0., 9.61538497e-03, 0., 9.61538497e-03,
       0., 0., 0., 0., 0., 0., 9.61538497e-03, 0., 0., 0.,
       9.61538497e-03, 0., 9.61538497e-03, 1.92307699e-02, 0.,
       9.61538497e-03, 3.84615399e-02, 0., 0., 0., 0., 9.61538497e-03,
       0., 0., 0., 0., 0., 0., 0., 0., 9.61538497e-03, 0., 0., 0.,
       9.61538497e-03, 0., 1.92307699e-02, 0., 0., 0., 0., 0., 0., 0.,
       0., 9.61538497e-03, 0., 0., 0., 0., 0., 9.61538497e-03, 0.,
       1.92307699e-02, 0., 0., 0., 9.61538497e-03, 0., 9.61538497e-03,
       0., 0., 1.92307699e-02, 0., 0., 9.61538497e-03, 0., 0., 0., 0.,
       0., 0., 0., 0., 0., 0., 0., 0., 0., 0., 9.61538497e-03, 0.,
       9.61538497e-03, 0., 0., 9.61538497e-03, 1.92307699e-02, 0., 0.,
       0., 0., 9.61538497e-03, 0., 0., 0., 0., 9.61538497e-03, 0.,
       9.61538497e-03, 0., 0., 0., 9.61538497e-03, 9.61538497e-03, 0.,
       0., 0., 0., 0., 0., 9.61538497e-03, 1.92307699e-02, 0., 0., 0. ]
img: !!opencv-matrix
   rows: 1
   cols: 250
   dt: f
   data: [ 0., 0., 2.10526325e-02, 0., 0., 1.05263162e-02, 0., 0., 0.,
       0., 1.05263162e-02, 0., 0., 0., 1.05263162e-02, 0., 0., 0., 0.,
       1.05263162e-02, 1.05263162e-02, 0., 3.15789506e-02, 0., 0., 0.,
       0., 1.05263162e-02, 4.21052650e-02, 0., 1.05263162e-02, 0., 0.,
       0., 0., 1.05263159e-01, 0., 0., 0., 0., 2.10526325e-02, 0., 0.,
       0., 0., 0., 0., 0., 0., 0., 0., 0., 0., 0., 1.05263162e-02, 0.,
       0., 0., 0., 1.05263162e-02, 0., 3.15789506e-02, 0., 0., 0., 0.,
       0., 0., 0., 0., 1.05263162e-02, 0., 0., 0., 0., 0., 0., 0., 0.,
       0., 0., 0., 0., 0., 0., 0., 4.21052650e-02, 0., 0., 0., 0., 0.,
       1.05263162e-02, 1.05263162e-02, 0., 1.05263162e-02, 0., 0., 0.,
       0., 1.05263162e-02, 1.05263162e-02, 0., 0., 1.05263162e-02,
       1.05263162e-02, 0., 1.05263162e-02, 2.10526325e-02, 0.,
       1.05263162e-02, 0., 0., 2.10526325e-02, 0., 1.05263162e-02, 0.,
       1.05263162e-02, 0., 0., 0., 1.05263162e-02, 0., 0., 0., 0., 0.,
       0., 0., 3.15789506e-02, 0., 1.05263162e-02, 0., 0., 0., 0.,
       2.10526325e-02, 2.10526325e-02, 0., 0., 1.05263162e-02, 0.,
       1.05263162e-02, 1.05263162e-02, 1.05263162e-02, 0., 0., 0.,
       1.05263162e-02, 0., 0., 6.31579012e-02, 0., 0., 0., 0., 0., 0.,
       0., 1.05263162e-02, 0., 1.05263162e-02, 0., 4.21052650e-02, 0.,
       1.05263162e-02, 2.10526325e-02, 0., 0., 0., 1.05263162e-02,
       1.05263162e-02, 0., 0., 0., 0., 0., 0., 0., 0., 0., 0., 0., 0.,
       0., 0., 1.05263162e-02, 0., 0., 0., 0., 1.05263162e-02,
       1.05263162e-02, 0., 0., 0., 0., 0., 0., 0., 4.21052650e-02, 0.,
       0., 0., 0., 2.10526325e-02, 0., 0., 0., 0., 0., 0., 0., 0., 0.,
       0., 0., 0., 0., 0., 0., 0., 0., 0., 0., 0., 0., 0.,
       1.05263162e-02, 0., 0., 0., 0., 0., 0., 0., 0., 0., 0., 0., 0.,
       1.05263162e-02, 0., 0., 0., 0., 0., 0., 0., 0. ]
